 ------------------------------------------------------------------------------------------------------------------------------------------------------------- 
|     step    |      Time     |      MSD      |       FE      |    S[0][0]    |    S[1][1]    |    S[2][2]    |    S[1][2]    |    S[2][0]    |    S[0][1]    |
|-------------|---------------|---------------|---------------|---------------|---------------|---------------|---------------|---------------|---------------|
| 00000000000 | +0.000000e+00 | +0.000000e+00 | -5.819590e+04 | -1.285523e-02 | -1.285523e-02 | -1.285523e-02 | +4.953236e-19 | -7.783810e-20 | +2.076534e-19 |
| 00000000010 | +8.322012e+12 | +3.418040e-02 | -5.819591e+04 | -1.285540e-02 | -1.285540e-02 | -1.285540e-02 | +1.216720e-18 | +9.704659e-20 | +8.382209e-19 |
| 00000000020 | +1.675694e+13 | +6.834661e-02 | -5.819591e+04 | -1.285557e-02 | -1.285557e-02 | -1.285557e-02 | -6.740589e-19 | -8.921930e-19 | +3.491552e-19 |
| 00000000030 | +2.532193e+13 | +1.024982e-01 | -5.819592e+04 | -1.285574e-02 | -1.285574e-02 | -1.285574e-02 | +9.743659e-19 | -7.376240e-19 | +2.234326e-19 |
| 00000000040 | +3.403483e+13 | +1.366349e-01 | -5.819592e+04 | -1.285590e-02 | -1.285590e-02 | -1.285590e-02 | -8.610425e-19 | +2.545338e-19 | -5.838306e-19 |
| 00000000050 | +4.006996e+13 | +1.601964e-01 | -5.819593e+04 | -1.285601e-02 | -1.285601e-02 | -1.285601e-02 | +7.156586e-19 | -1.795781e-20 | +7.297344e-19 |
| 00000000060 | +4.619080e+13 | +1.837516e-01 | -5.819593e+04 | -1.285611e-02 | -1.285611e-02 | -1.285611e-02 | -4.393791e-19 | +3.054486e-19 | -1.468883e-18 |
| 00000000070 | +5.533128e+13 | +2.178534e-01 | -5.819594e+04 | -1.285626e-02 | -1.285626e-02 | -1.285626e-02 | -1.176985e-19 | +3.750228e-19 | +1.742750e-19 |
| 00000000080 | +6.468490e+13 | +2.519415e-01 | -5.819594e+04 | -1.285641e-02 | -1.285641e-02 | -1.285641e-02 | +6.988036e-19 | -1.039464e-18 | -5.129340e-19 |
| 00000000090 | +7.427266e+13 | +2.860167e-01 | -5.819595e+04 | -1.285655e-02 | -1.285655e-02 | -1.285655e-02 | +1.360383e-18 | +2.720568e-19 | -3.514638e-19 |
| 00000000100 | +8.411668e+13 | +3.200803e-01 | -5.819595e+04 | -1.285669e-02 | -1.285669e-02 | -1.285669e-02 | -5.405095e-19 | -8.926592e-19 | -1.391932e-18 |
| 00000000110 | +9.424021e+13 | +3.541339e-01 | -5.819595e+04 | -1.285683e-02 | -1.285683e-02 | -1.285683e-02 | -1.114586e-19 | +8.371496e-19 | +5.543566e-19 |
| 00000000120 | +1.046678e+14 | +3.881797e-01 | -5.819596e+04 | -1.285696e-02 | -1.285696e-02 | -1.285696e-02 | +5.666886e-19 | +2.866884e-19 | -5.590097e-19 |
| 00000000130 | +1.154256e+14 | +4.222202e-01 | -5.819596e+04 | -1.285708e-02 | -1.285708e-02 | -1.285708e-02 | -2.209806e-19 | -4.410108e-20 | +1.562132e-18 |
| 00000000140 | +1.265410e+14 | +4.562585e-01 | -5.819597e+04 | -1.285721e-02 | -1.285721e-02 | -1.285721e-02 | +1.180571e-19 | +3.081316e-19 | +3.297047e-19 |
| 00000000150 | +1.380436e+14 | +4.902982e-01 | -5.819597e+04 | -1.285733e-02 | -1.285733e-02 | -1.285733e-02 | -1.469689e-18 | +8.364099e-20 | -1.234810e-18 |
| 00000000160 | +1.499645e+14 | +5.243437e-01 | -5.819597e+04 | -1.285744e-02 | -1.285744e-02 | -1.285744e-02 | -5.537784e-19 | -5.270949e-19 | -5.204403e-19 |
| 00000000170 | +1.623374e+14 | +5.584000e-01 | -5.819598e+04 | -1.285756e-02 | -1.285756e-02 | -1.285756e-02 | -1.811022e-19 | -7.701305e-19 | -3.506771e-19 |
| 00000000180 | +1.751979e+14 | +5.924729e-01 | -5.819598e+04 | -1.285766e-02 | -1.285766e-02 | -1.285766e-02 | +3.391812e-19 | -3.325266e-19 | +8.592023e-19 |
| 00000000190 | +1.885846e+14 | +6.265693e-01 | -5.819598e+04 | -1.285777e-02 | -1.285777e-02 | -1.285777e-02 | -4.195834e-20 | -2.975904e-19 | +8.434097e-19 |
| 00000000200 | +2.025387e+14 | +6.606968e-01 | -5.819598e+04 | -1.285787e-02 | -1.285787e-02 | -1.285787e-02 | +2.718327e-20 | +3.867272e-19 | +2.327903e-19 |
| 00000000210 | +2.171045e+14 | +6.948643e-01 | -5.819599e+04 | -1.285797e-02 | -1.285797e-02 | -1.285797e-02 | -6.239958e-21 | -3.560788e-19 | +5.837947e-19 |
| 00000000220 | +2.323298e+14 | +7.290818e-01 | -5.819599e+04 | -1.285807e-02 | -1.285807e-02 | -1.285807e-02 | +1.277613e-18 | +1.447628e-18 | +1.943016e-19 |
| 00000000230 | +2.482663e+14 | +7.633608e-01 | -5.819599e+04 | -1.285816e-02 | -1.285816e-02 | -1.285816e-02 | +4.461211e-20 | +7.952271e-19 | -2.901603e-19 |
| 00000000240 | +2.649694e+14 | +7.977141e-01 | -5.819600e+04 | -1.285825e-02 | -1.285825e-02 | -1.285825e-02 | -1.322584e-19 | +3.672543e-19 | +1.607103e-19 |
| 00000000250 | +2.824993e+14 | +8.321564e-01 | -5.819600e+04 | -1.285833e-02 | -1.285833e-02 | -1.285833e-02 | -8.275475e-19 | +6.563858e-19 | +3.756975e-20 |
| 00000000260 | +3.009211e+14 | +8.667039e-01 | -5.819600e+04 | -1.285842e-02 | -1.285842e-02 | -1.285842e-02 | -8.742396e-19 | +2.430266e-19 | +1.900206e-19 |
| 00000000270 | +3.203051e+14 | +9.013749e-01 | -5.819600e+04 | -1.285850e-02 | -1.285850e-02 | -1.285850e-02 | +5.481839e-19 | -1.512383e-19 | +7.604209e-19 |
| 00000000280 | +3.407277e+14 | +9.361900e-01 | -5.819601e+04 | -1.285857e-02 | -1.285857e-02 | -1.285857e-02 | +1.219661e-18 | +3.486599e-19 | +4.737684e-19 |
| 00000000290 | +3.622716e+14 | +9.711720e-01 | -5.819601e+04 | -1.285864e-02 | -1.285864e-02 | -1.285864e-02 | -2.569859e-19 | +8.279600e-21 | +1.198269e-18 |
| 00000000300 | +3.850267e+14 | +1.006346e+00 | -5.819601e+04 | -1.285871e-02 | -1.285871e-02 | -1.285871e-02 | +2.422825e-19 | +7.368530e-19 | +1.550107e-18 |
| 00000000310 | +4.090903e+14 | +1.041741e+00 | -5.819601e+04 | -1.285878e-02 | -1.285878e-02 | -1.285878e-02 | +8.868630e-19 | -5.307775e-19 | -9.818072e-20 |
| 00000000320 | +4.345681e+14 | +1.077386e+00 | -5.819601e+04 | -1.285885e-02 | -1.285885e-02 | -1.285885e-02 | -6.468039e-19 | -4.968499e-19 | +1.184561e-20 |
| 00000000330 | +4.615753e+14 | +1.113317e+00 | -5.819601e+04 | -1.285891e-02 | -1.285891e-02 | -1.285891e-02 | +1.135385e-19 | -2.550650e-19 | -1.129072e-18 |
| 00000000340 | +4.902372e+14 | +1.149571e+00 | -5.819602e+04 | -1.285896e-02 | -1.285896e-02 | -1.285896e-02 | +3.594790e-19 | +5.427508e-19 | +9.806865e-20 |
| 00000000350 | +5.206905e+14 | +1.186191e+00 | -5.819602e+04 | -1.285902e-02 | -1.285902e-02 | -1.285902e-02 | +2.033366e-19 | -9.647482e-19 | -6.458939e-20 |
| 00000000360 | +5.530838e+14 | +1.223221e+00 | -5.819602e+04 | -1.285907e-02 | -1.285907e-02 | -1.285907e-02 | +3.573273e-19 | +4.990913e-19 | -1.346656e-19 |
| 00000000370 | +5.875791e+14 | +1.260713e+00 | -5.819602e+04 | -1.285912e-02 | -1.285912e-02 | -1.285912e-02 | +7.703121e-20 | -1.137405e-18 | +1.236213e-18 |
| 00000000380 | +6.243533e+14 | +1.298722e+00 | -5.819602e+04 | -1.285917e-02 | -1.285917e-02 | -1.285917e-02 | -1.103827e-19 | +2.583733e-19 | +2.485157e-19 |
| 00000000390 | +6.636000e+14 | +1.337309e+00 | -5.819602e+04 | -1.285921e-02 | -1.285921e-02 | -1.285921e-02 | -6.843871e-19 | +4.566757e-19 | -2.583352e-19 |
| 00000000400 | +7.055313e+14 | +1.376542e+00 | -5.819602e+04 | -1.285925e-02 | -1.285925e-02 | -1.285925e-02 | +3.032476e-19 | -2.113203e-19 | -2.381786e-19 |
| 00000000410 | +7.503807e+14 | +1.416496e+00 | -5.819603e+04 | -1.285929e-02 | -1.285929e-02 | -1.285929e-02 | +1.047883e-19 | +2.940647e-19 | -1.498419e-19 |
| 00000000420 | +7.984076e+14 | +1.457255e+00 | -5.819603e+04 | -1.285933e-02 | -1.285933e-02 | -1.285933e-02 | +1.096798e-18 | -5.365490e-19 | -1.134982e-19 |
| 00000000430 | +8.498992e+14 | +1.498916e+00 | -5.819603e+04 | -1.285936e-02 | -1.285936e-02 | -1.285936e-02 | +5.231523e-19 | +3.319012e-19 | +2.623203e-19 |
| 00000000440 | +9.051795e+14 | +1.541589e+00 | -5.819603e+04 | -1.285939e-02 | -1.285939e-02 | -1.285939e-02 | +3.481466e-19 | -1.991654e-19 | +1.531816e-19 |
| 00000000450 | +9.646168e+14 | +1.585404e+00 | -5.819603e+04 | -1.285942e-02 | -1.285942e-02 | -1.285942e-02 | -3.581879e-19 | +2.446920e-19 | -2.612915e-19 |
| 00000000460 | +1.028635e+15 | +1.630515e+00 | -5.819603e+04 | -1.285945e-02 | -1.285945e-02 | -1.285945e-02 | +8.601101e-19 | +1.103426e-18 | +1.577293e-19 |
| 00000000470 | +1.097730e+15 | +1.677109e+00 | -5.819603e+04 | -1.285947e-02 | -1.285947e-02 | -1.285947e-02 | -5.557149e-19 | -4.382360e-19 | -6.135129e-19 |
| 00000000480 | +1.172488e+15 | +1.725416e+00 | -5.819603e+04 | -1.285949e-02 | -1.285949e-02 | -1.285949e-02 | +7.828637e-19 | -9.978240e-19 | -4.969149e-19 |
| 00000000490 | +1.253614e+15 | +1.775723e+00 | -5.819603e+04 | -1.285952e-02 | -1.285952e-02 | -1.285952e-02 | -6.300206e-19 | +5.100874e-19 | +6.505246e-19 |
| 00000000500 | +1.341967e+15 | +1.828390e+00 | -5.819603e+04 | -1.285953e-02 | -1.285953e-02 | -1.285953e-02 | +5.354171e-19 | -2.830126e-19 | +3.484066e-19 |
| 00000000510 | +1.438608e+15 | +1.883871e+00 | -5.819603e+04 | -1.285955e-02 | -1.285955e-02 | -1.285955e-02 | -8.000057e-19 | -8.408075e-19 | -6.958383e-19 |
| 00000000520 | +1.544856e+15 | +1.942749e+00 | -5.819603e+04 | -1.285957e-02 | -1.285957e-02 | -1.285957e-02 | -1.087187e-18 | +1.390027e-19 | +1.031572e-18 |
| 00000000530 | +1.662372e+15 | +2.005764e+00 | -5.819603e+04 | -1.285958e-02 | -1.285958e-02 | -1.285958e-02 | -8.456936e-19 | -6.397302e-19 | -5.429077e-19 |
| 00000000540 | +1.793252e+15 | +2.073872e+00 | -5.819604e+04 | -1.285960e-02 | -1.285960e-02 | -1.285960e-02 | +7.193883e-20 | +5.366050e-19 | -9.310067e-19 |
| 00000000550 | +1.894018e+15 | +2.125186e+00 | -5.819604e+04 | -1.285960e-02 | -1.285960e-02 | -1.285960e-02 | -8.106925e-19 | +5.979960e-19 | +5.535923e-19 |
| 00000000560 | +2.028770e+15 | +2.192492e+00 | -5.819604e+04 | -1.285962e-02 | -1.285962e-02 | -1.285962e-02 | +2.353970e-19 | -4.112007e-19 | -4.830073e-19 |
| 00000000570 | +2.179367e+15 | +2.266372e+00 | -5.819604e+04 | -1.285963e-02 | -1.285963e-02 | -1.285963e-02 | -1.153747e-18 | -3.741846e-19 | -6.257889e-19 |
| 00000000580 | +2.318083e+15 | +2.333526e+00 | -5.819604e+04 | -1.285963e-02 | -1.285963e-02 | -1.285963e-02 | +3.665079e-19 | -1.764312e-19 | +4.401815e-19 |
| 00000000590 | +2.505655e+15 | +2.423287e+00 | -5.819604e+04 | -1.285964e-02 | -1.285964e-02 | -1.285964e-02 | -4.380164e-19 | -3.252242e-19 | -6.424579e-19 |
| 00000000600 | +2.718543e+15 | +2.524279e+00 | -5.819604e+04 | -1.285965e-02 | -1.285965e-02 | -1.285965e-02 | -2.482356e-19 | +3.801197e-19 | +2.499390e-19 |
| 00000000610 | +2.960605e+15 | +2.638545e+00 | -5.819604e+04 | -1.285966e-02 | -1.285966e-02 | -1.285966e-02 | -8.865044e-20 | +1.826600e-19 | +7.804946e-19 |
| 00000000620 | +3.235436e+15 | +2.768162e+00 | -5.819604e+04 | -1.285967e-02 | -1.285967e-02 | -1.285967e-02 | +4.948215e-19 | +4.166651e-19 | +1.580722e-19 |
| 00000000630 | +3.545930e+15 | +2.915076e+00 | -5.819604e+04 | -1.285969e-02 | -1.285969e-02 | -1.285969e-02 | +1.303219e-19 | +3.449908e-20 | -1.073995e-19 |
| 00000000640 | +3.894056e+15 | +3.081034e+00 | -5.819604e+04 | -1.285970e-02 | -1.285970e-02 | -1.285970e-02 | +6.239958e-19 | -8.268505e-19 | -1.321360e-18 |
| 00000000650 | +4.351307e+15 | +3.301665e+00 | -5.819604e+04 | -1.285971e-02 | -1.285971e-02 | -1.285971e-02 | -9.688431e-19 | +3.159360e-19 | +5.530634e-19 |
| 00000000660 | +4.860293e+15 | +3.551945e+00 | -5.819604e+04 | -1.285972e-02 | -1.285972e-02 | -1.285972e-02 | +5.171276e-19 | +4.149707e-19 | +2.767861e-20 |
| 00000000670 | +5.336874e+15 | +3.791587e+00 | -5.819605e+04 | -1.285973e-02 | -1.285973e-02 | -1.285973e-02 | +1.891353e-19 | +2.544845e-19 | -4.636912e-19 |
| 00000000680 | +5.951512e+15 | +4.108279e+00 | -5.819605e+04 | -1.285975e-02 | -1.285975e-02 | -1.285975e-02 | +1.647923e-18 | +7.849101e-19 | -4.620797e-20 |
| 00000000690 | +6.521155e+15 | +4.410386e+00 | -5.819605e+04 | -1.285976e-02 | -1.285976e-02 | -1.285976e-02 | +4.254647e-19 | +1.056667e-18 | +5.397071e-19 |
| 00000000700 | +7.140674e+15 | +4.748290e+00 | -5.819605e+04 | -1.285977e-02 | -1.285977e-02 | -1.285977e-02 | +2.372619e-19 | +6.915416e-19 | -3.554176e-19 |
| 00000000710 | +7.932536e+15 | +5.194150e+00 | -5.819605e+04 | -1.285978e-02 | -1.285978e-02 | -1.285978e-02 | +1.811740e-19 | +2.976689e-19 | -4.341926e-19 |
| 00000000720 | +8.791408e+15 | +5.695719e+00 | -5.819605e+04 | -1.285979e-02 | -1.285979e-02 | -1.285979e-02 | +3.198158e-19 | -2.256471e-19 | -1.146861e-18 |
| 00000000730 | +9.726499e+15 | +6.262462e+00 | -5.819606e+04 | -1.285980e-02 | -1.285980e-02 | -1.285980e-02 | -2.621500e-19 | -4.886174e-21 | -5.134047e-19 |
| 00000000740 | +1.074538e+16 | +6.903400e+00 | -5.819606e+04 | -1.285982e-02 | -1.285982e-02 | -1.285982e-02 | -2.508176e-19 | +2.649024e-19 | +2.880422e-19 |
| 00000000750 | +1.168156e+16 | +7.512967e+00 | -5.819606e+04 | -1.285983e-02 | -1.285983e-02 | -1.285983e-02 | -2.379791e-19 | -5.050421e-19 | -4.904688e-19 |
| 00000000760 | +1.269222e+16 | +8.191282e+00 | -5.819606e+04 | -1.285983e-02 | -1.285983e-02 | -1.285983e-02 | +3.819285e-19 | +4.113217e-19 | -1.117269e-18 |
| 00000000770 | +1.377777e+16 | +8.941390e+00 | -5.819607e+04 | -1.285984e-02 | -1.285984e-02 | -1.285984e-02 | +1.430385e-18 | +6.431617e-19 | +7.490214e-19 |
| 00000000780 | +1.494141e+16 | +9.767896e+00 | -5.819607e+04 | -1.285985e-02 | -1.285985e-02 | -1.285985e-02 | -2.893332e-19 | +2.791933e-19 | -3.757647e-20 |
| 00000000790 | +1.595363e+16 | +1.050427e+01 | -5.819607e+04 | -1.285986e-02 | -1.285986e-02 | -1.285986e-02 | -1.454412e-18 | +8.257197e-19 | -1.761006e-19 |
| 00000000800 | +1.727632e+16 | +1.148700e+01 | -5.819607e+04 | -1.285986e-02 | -1.285986e-02 | -1.285986e-02 | +6.878299e-20 | -7.061777e-19 | -3.769011e-19 |
| 00000000810 | +1.869712e+16 | +1.256589e+01 | -5.819608e+04 | -1.285987e-02 | -1.285987e-02 | -1.285987e-02 | +7.401881e-20 | +2.860183e-19 | +1.039989e-18 |
| 00000000820 | +2.052617e+16 | +1.398420e+01 | -5.819608e+04 | -1.285987e-02 | -1.285987e-02 | -1.285987e-02 | +1.450252e-19 | +1.212757e-18 | -2.660387e-19 |
| 00000000830 | +2.254213e+16 | +1.557959e+01 | -5.819608e+04 | -1.285988e-02 | -1.285988e-02 | -1.285988e-02 | -7.244089e-20 | -2.467989e-19 | +2.394225e-19 |
| 00000000840 | +2.478843e+16 | +1.738891e+01 | -5.819609e+04 | -1.285988e-02 | -1.285988e-02 | -1.285988e-02 | -2.150275e-19 | -3.047628e-19 | -4.654664e-19 |
| 00000000850 | +2.691554e+16 | +1.912697e+01 | -5.819609e+04 | -1.285988e-02 | -1.285988e-02 | -1.285988e-02 | +1.950883e-20 | +2.008195e-19 | -2.565466e-20 |
| 00000000860 | +2.975084e+16 | +2.147166e+01 | -5.819609e+04 | -1.285989e-02 | -1.285989e-02 | -1.285989e-02 | -5.035718e-19 | -3.415839e-21 | +1.708368e-19 |
| 00000000870 | +3.250959e+16 | +2.377776e+01 | -5.819610e+04 | -1.285989e-02 | -1.285989e-02 | -1.285989e-02 | -2.063059e-18 | +4.272085e-19 | +8.317927e-19 |
| 00000000880 | +3.626754e+16 | +2.694723e+01 | -5.819610e+04 | -1.285989e-02 | -1.285989e-02 | -1.285989e-02 | -6.024787e-21 | +8.221145e-19 | +3.915215e-20 |
| 00000000890 | +4.073764e+16 | +3.074895e+01 | -5.819611e+04 | -1.285989e-02 | -1.285989e-02 | -1.285989e-02 | -4.977622e-20 | +1.186188e-18 | -1.004086e-19 |
| 00000000900 | +4.613426e+16 | +3.537069e+01 | -5.819611e+04 | -1.285989e-02 | -1.285989e-02 | -1.285989e-02 | +4.674948e-19 | +4.757968e-19 | +6.197417e-19 |
| 00000000910 | +5.274590e+16 | +4.106460e+01 | -5.819612e+04 | -1.285989e-02 | -1.285989e-02 | -1.285989e-02 | -1.118530e-18 | +1.592893e-18 | +1.102706e-19 |
| 00000000920 | +6.096479e+16 | +4.817040e+01 | -5.819612e+04 | -1.285989e-02 | -1.285989e-02 | -1.285989e-02 | +2.542604e-19 | +1.830074e-19 | -1.595851e-20 |
| 00000000930 | +7.133497e+16 | +5.714812e+01 | -5.819613e+04 | -1.285989e-02 | -1.285989e-02 | -1.285989e-02 | +1.433397e-19 | -9.375582e-19 | +4.728785e-19 |
| 00000000940 | +8.462675e+16 | +6.861356e+01 | -5.819614e+04 | -1.285989e-02 | -1.285989e-02 | -1.285989e-02 | -6.352923e-19 | -1.544390e-19 | +2.648396e-20 |
| 00000000950 | +1.019563e+17 | +8.335656e+01 | -5.819615e+04 | -1.285989e-02 | -1.285989e-02 | -1.285989e-02 | +2.579183e-19 | -3.551755e-19 | +3.917815e-19 |
| 00000000960 | +1.249919e+17 | +1.022951e+02 | -5.819615e+04 | -1.285990e-02 | -1.285990e-02 | -1.285990e-02 | +1.568955e-19 | +7.320341e-19 | +1.168580e-18 |
| 00000000970 | +1.563277e+17 | +1.262776e+02 | -5.819616e+04 | -1.285990e-02 | -1.285990e-02 | -1.285990e-02 | -1.904622e-19 | -1.482169e-19 | +1.673403e-20 |
| 00000000980 | +2.000536e+17 | +1.555393e+02 | -5.819617e+04 | -1.285990e-02 | -1.285990e-02 | -1.285990e-02 | +2.779471e-19 | -6.666938e-20 | +6.388336e-20 |
| 00000000990 | +2.622879e+17 | +1.886893e+02 | -5.819617e+04 | -1.285990e-02 | -1.285990e-02 | -1.285990e-02 | +9.305248e-20 | -4.204911e-19 | -9.894503e-20 |
| 00000001000 | +3.528038e+17 | +2.220198e+02 | -5.819618e+04 | -1.285990e-02 | -1.285990e-02 | -1.285990e-02 | +6.953608e-19 | +1.892762e-18 | +1.026640e-18 |
| 00000001010 | +4.896282e+17 | +2.509218e+02 | -5.819618e+04 | -1.285990e-02 | -1.285990e-02 | -1.285990e-02 | +1.116953e-18 | -1.142400e-18 | -2.401622e-21 |
| 00000001020 | +7.131847e+17 | +2.701724e+02 | -5.819618e+04 | -1.285990e-02 | -1.285990e-02 | -1.285990e-02 | +1.308237e-18 | -1.224916e-18 | +1.865682e-19 |
| 00000001030 | +1.458373e+18 | +2.788799e+02 | -5.819618e+04 | -1.285990e-02 | -1.285990e-02 | -1.285990e-02 | +5.452306e-19 | +3.232703e-19 | +3.459707e-19 |
| 00000001040 | +6.314142e+18 | +2.790458e+02 | -5.819618e+04 | -1.285990e-02 | -1.285990e-02 | -1.285990e-02 | +8.398147e-19 | +2.470428e-19 | +2.401627e-19 |
| 00000001050 | +3.156414e+19 | +2.790765e+02 | -5.819618e+04 | -1.285990e-02 | -1.285990e-02 | -1.285990e-02 | +7.520185e-19 | -9.978437e-21 | +2.536431e-19 |
| 00000001060 | +1.869487e+20 | +2.790860e+02 | -5.819618e+04 | -1.285990e-02 | -1.285990e-02 | -1.285990e-02 | +5.138628e-19 | -1.783865e-19 | +1.293368e-19 |
| 00000001070 | +9.949486e+20 | +2.790889e+02 | -5.819618e+04 | -1.285990e-02 | -1.285990e-02 | -1.285990e-02 | +6.241186e-19 | +8.848755e-21 | +3.289321e-19 |
| 00000001080 | +5.967256e+21 | +2.790898e+02 | -5.819618e+04 | -1.285990e-02 | -1.285990e-02 | -1.285990e-02 | +8.492710e-19 | +1.957236e-19 | +1.409862e-19 |
| 00000001090 | +3.182325e+22 | +2.790902e+02 | -5.819618e+04 | -1.285990e-02 | -1.285990e-02 | -1.285990e-02 | +6.125865e-19 | -1.402722e-19 | +5.380457e-19 |
| 00000001100 | +1.909371e+23 | +2.790903e+02 | -5.819618e+04 | -1.285990e-02 | -1.285990e-02 | -1.285990e-02 | +5.573416e-19 | +2.284253e-19 | +2.466600e-19 |
| 00000001110 | +1.018329e+24 | +2.790903e+02 | -5.819618e+04 | -1.285990e-02 | -1.285990e-02 | -1.285990e-02 | +7.313594e-19 | +4.495027e-20 | +2.961431e-19 |
| 00000001120 | +6.109971e+24 | +2.790903e+02 | -5.819618e+04 | -1.285990e-02 | -1.285990e-02 | -1.285990e-02 | +4.594892e-19 | +2.644379e-19 | +2.537646e-19 |
| 00000001130 | +3.258651e+25 | +2.790903e+02 | -5.819618e+04 | -1.285990e-02 | -1.285990e-02 | -1.285990e-02 | +6.900354e-19 | -4.026967e-19 | +1.217024e-19 |
| 00000001140 | +1.955191e+26 | +2.790903e+02 | -5.819618e+04 | -1.285990e-02 | -1.285990e-02 | -1.285990e-02 | +5.835585e-19 | -5.177877e-20 | +3.947286e-19 |
| 00000001150 | +1.042768e+27 | +2.790903e+02 | -5.819618e+04 | -1.285990e-02 | -1.285990e-02 | -1.285990e-02 | +5.010588e-19 | +4.649195e-20 | +3.070693e-19 |
| 00000001160 | +6.256610e+27 | +2.790903e+02 | -5.819618e+04 | -1.285990e-02 | -1.285990e-02 | -1.285990e-02 | +4.877767e-19 | -1.154375e-19 | +2.451316e-19 |
| 00000001170 | +3.336859e+28 | +2.790903e+02 | -5.819618e+04 | -1.285990e-02 | -1.285990e-02 | -1.285990e-02 | +3.832934e-19 | +1.319823e-19 | +2.564865e-19 |
| 00000001180 | +2.002115e+29 | +2.790903e+02 | -5.819618e+04 | -1.285990e-02 | -1.285990e-02 | -1.285990e-02 | +7.264777e-19 | +1.779384e-20 | +1.290202e-19 |
| 00000001190 | +1.000000e+30 | +2.790903e+02 | -5.819618e+04 | -1.285990e-02 | -1.285990e-02 | -1.285990e-02 | +9.004659e-19 | -4.243229e-21 | +2.161555e-19 |
 ------------------------------------------------------------------------------------------------------------------------------------------------------------- 
nonlin: accepted = 1316 rejected = 0
intrtp: accepetd = 1316 rejected = 24
integr: accepetd = 1190 rejected = 126
maximum order: 4
maximum timestep: 1.334744e+29
minimum timestep: 4.623340e+11
time elapsed: 38.708343 seconds
