 ------------------------------------------------------------------------------------------------------------------------------------------------------------- 
|     step    |      Time     |      MSD      |       FE      |    S[0][0]    |    S[1][1]    |    S[2][2]    |    S[1][2]    |    S[2][0]    |    S[0][1]    |
|-------------|---------------|---------------|---------------|---------------|---------------|---------------|---------------|---------------|---------------|
| 00000000000 | +0.000000e+00 | +0.000000e+00 | -1.253019e+05 | +9.087872e-03 | +9.087872e-03 | +9.087872e-03 | +1.126759e-19 | -1.221673e-18 | +1.146031e-18 |
| 00000000010 | +1.076778e+13 | +1.612280e-02 | -1.253019e+05 | +9.087839e-03 | +9.087839e-03 | +9.087839e-03 | +1.018554e-19 | -1.227985e-18 | +1.138216e-18 |
| 00000000020 | +4.666038e+13 | +7.325246e-02 | -1.253019e+05 | +9.087775e-03 | +9.087775e-03 | +9.087775e-03 | +1.277044e-19 | -1.232193e-18 | +1.130551e-18 |
| 00000000030 | +1.423740e+14 | +1.928687e-01 | -1.253020e+05 | +9.087663e-03 | +9.087663e-03 | +9.087663e-03 | +1.343169e-19 | -1.227985e-18 | +1.121684e-18 |
| 00000000040 | +4.103721e+14 | +3.845800e-01 | -1.253020e+05 | +9.087468e-03 | +9.087468e-03 | +9.087468e-03 | +9.028348e-20 | -1.262776e-18 | +1.186833e-18 |
| 00000000050 | +5.783882e+14 | +4.531914e-01 | -1.253020e+05 | +9.086899e-03 | +9.086899e-03 | +9.086899e-03 | -3.295929e-19 | -1.141318e-19 | +4.793703e-19 |
| 00000000060 | +5.863815e+14 | +4.783333e-01 | -1.253020e+05 | +9.086846e-03 | +9.086846e-03 | +9.086846e-03 | -2.763922e-19 | -1.302122e-19 | +4.381924e-19 |
| 00000000070 | +5.989634e+14 | +5.162258e-01 | -1.253020e+05 | +9.086786e-03 | +9.086786e-03 | +9.086786e-03 | -3.874525e-19 | -1.885133e-20 | +3.756740e-19 |
| 00000000080 | +6.186990e+14 | +5.703317e-01 | -1.253020e+05 | +9.086721e-03 | +9.086721e-03 | +9.086721e-03 | -2.956286e-19 | -1.029356e-19 | +4.037772e-19 |
| 00000000090 | +6.345771e+14 | +6.087723e-01 | -1.253020e+05 | +9.086684e-03 | +9.086684e-03 | +9.086684e-03 | -3.978222e-19 | -1.635003e-19 | +4.755381e-19 |
| 00000000100 | +6.593175e+14 | +6.595740e-01 | -1.253020e+05 | +9.086451e-03 | +9.086451e-03 | +9.086451e-03 | -1.223129e-19 | -7.532253e-19 | +3.200088e-19 |
| 00000000110 | +6.663922e+14 | +6.898662e-01 | -1.253020e+05 | +9.086406e-03 | +9.086406e-03 | +9.086406e-03 | -1.444047e-19 | -7.795251e-19 | +4.094281e-19 |
| 00000000120 | +6.774146e+14 | +7.322059e-01 | -1.253020e+05 | +9.086353e-03 | +9.086353e-03 | +9.086353e-03 | -7.692694e-20 | -9.459653e-19 | +2.613978e-19 |
| 00000000130 | +6.883875e+14 | +7.695352e-01 | -1.253020e+05 | +9.086313e-03 | +9.086313e-03 | +9.086313e-03 | -5.438424e-20 | -7.291046e-19 | +3.150494e-19 |
| 00000000140 | +6.990488e+14 | +8.019327e-01 | -1.253020e+05 | +9.086283e-03 | +9.086283e-03 | +9.086283e-03 | -9.195540e-20 | -8.553437e-19 | +3.054312e-19 |
| 00000000150 | +7.112450e+14 | +8.345787e-01 | -1.253020e+05 | +9.086128e-03 | +9.086128e-03 | +9.086128e-03 | -4.148795e-19 | +8.282455e-19 | +1.491270e-19 |
| 00000000160 | +7.177889e+14 | +8.654618e-01 | -1.253020e+05 | +9.086091e-03 | +9.086091e-03 | +9.086091e-03 | -4.569592e-19 | +8.437248e-19 | +1.218503e-19 |
| 00000000170 | +7.294884e+14 | +9.134542e-01 | -1.253020e+05 | +9.086040e-03 | +9.086040e-03 | +9.086040e-03 | -4.263011e-19 | +9.127055e-19 | +1.451444e-19 |
| 00000000180 | +7.453514e+14 | +9.676372e-01 | -1.253020e+05 | +9.085994e-03 | +9.085994e-03 | +9.085994e-03 | -4.229948e-19 | +8.381643e-19 | +3.588750e-20 |
| 00000000190 | +7.726037e+14 | +1.040159e+00 | -1.253020e+05 | +9.085944e-03 | +9.085944e-03 | +9.085944e-03 | -4.063132e-19 | +7.908246e-19 | +2.310321e-19 |
| 00000000200 | +7.985379e+14 | +1.092010e+00 | -1.253020e+05 | +9.085784e-03 | +9.085784e-03 | +9.085784e-03 | +5.259961e-22 | -1.663035e-18 | +1.490365e-19 |
| 00000000210 | +8.051938e+14 | +1.120127e+00 | -1.253020e+05 | +9.085755e-03 | +9.085755e-03 | +9.085755e-03 | -3.283719e-20 | -1.698578e-18 | +1.698510e-19 |
| 00000000220 | +8.175900e+14 | +1.164872e+00 | -1.253020e+05 | +9.085714e-03 | +9.085714e-03 | +9.085714e-03 | -2.908007e-20 | -1.581281e-18 | +8.478987e-20 |
| 00000000230 | +8.329085e+14 | +1.210308e+00 | -1.253020e+05 | +9.085681e-03 | +9.085681e-03 | +9.085681e-03 | -5.462846e-20 | -1.570686e-18 | +1.735329e-19 |
| 00000000240 | +8.839705e+14 | +1.313970e+00 | -1.253020e+05 | +9.085628e-03 | +9.085628e-03 | +9.085628e-03 | -6.770322e-20 | -1.751929e-18 | +1.302510e-19 |
| 00000000250 | +9.045516e+14 | +1.342673e+00 | -1.253020e+05 | +9.085532e-03 | +9.085532e-03 | +9.085532e-03 | -5.681510e-19 | +6.431454e-19 | +8.498477e-20 |
| 00000000260 | +9.122104e+14 | +1.367776e+00 | -1.253020e+05 | +9.085512e-03 | +9.085512e-03 | +9.085512e-03 | -5.609373e-19 | +6.543791e-19 | +5.124588e-20 |
| 00000000270 | +9.394415e+14 | +1.436830e+00 | -1.253020e+05 | +9.085469e-03 | +9.085469e-03 | +9.085469e-03 | -7.077654e-19 | +5.922364e-19 | -4.621369e-20 |
| 00000000280 | +9.525740e+14 | +1.462398e+00 | -1.253020e+05 | +9.085458e-03 | +9.085458e-03 | +9.085458e-03 | -6.168432e-19 | +5.235564e-19 | -5.169908e-20 |
| 00000000290 | +9.733301e+14 | +1.495987e+00 | -1.253020e+05 | +9.085446e-03 | +9.085446e-03 | +9.085446e-03 | -5.444060e-19 | +6.205651e-19 | -8.911995e-20 |
| 00000000300 | +1.006206e+15 | +1.537795e+00 | -1.253020e+05 | +9.085389e-03 | +9.085389e-03 | +9.085389e-03 | +8.099965e-19 | +1.292850e-18 | +1.294160e-18 |
| 00000000310 | +1.015550e+15 | +1.560555e+00 | -1.253020e+05 | +9.085377e-03 | +9.085377e-03 | +9.085377e-03 | +9.464549e-19 | +1.301266e-18 | +1.271917e-18 |
| 00000000320 | +1.030136e+15 | +1.590568e+00 | -1.253020e+05 | +9.085363e-03 | +9.085363e-03 | +9.085363e-03 | +8.998667e-19 | +1.277972e-18 | +1.226381e-18 |
| 00000000330 | +1.043547e+15 | +1.613758e+00 | -1.253020e+05 | +9.085355e-03 | +9.085355e-03 | +9.085355e-03 | +8.973119e-19 | +1.174276e-18 | +1.207596e-18 |
| 00000000340 | +1.057123e+15 | +1.634039e+00 | -1.253020e+05 | +9.085350e-03 | +9.085350e-03 | +9.085350e-03 | +8.687578e-19 | +1.150756e-18 | +1.294310e-18 |
| 00000000350 | +1.071536e+15 | +1.653318e+00 | -1.253020e+05 | +9.085323e-03 | +9.085323e-03 | +9.085323e-03 | -1.206767e-18 | -1.636410e-18 | +1.090038e-18 |
| 00000000360 | +1.082909e+15 | +1.675417e+00 | -1.253020e+05 | +9.085315e-03 | +9.085315e-03 | +9.085315e-03 | -1.240581e-18 | -1.603949e-18 | +1.105442e-18 |
| 00000000370 | +1.094245e+15 | +1.694530e+00 | -1.253020e+05 | +9.085309e-03 | +9.085309e-03 | +9.085309e-03 | -1.219841e-18 | -1.841925e-18 | +1.137453e-18 |
| 00000000380 | +1.107574e+15 | +1.714203e+00 | -1.253020e+05 | +9.085305e-03 | +9.085305e-03 | +9.085305e-03 | -1.244939e-18 | -1.791730e-18 | +1.174122e-18 |
| 00000000390 | +1.122852e+15 | +1.733937e+00 | -1.253020e+05 | +9.085302e-03 | +9.085302e-03 | +9.085302e-03 | -1.180016e-18 | -1.717414e-18 | +1.059305e-18 |
| 00000000400 | +1.165239e+15 | +1.779083e+00 | -1.253020e+05 | +9.085280e-03 | +9.085280e-03 | +9.085280e-03 | +5.295654e-20 | -2.972641e-19 | +5.014129e-19 |
| 00000000410 | +1.179622e+15 | +1.800112e+00 | -1.253020e+05 | +9.085275e-03 | +9.085275e-03 | +9.085275e-03 | -3.901764e-20 | -3.241651e-19 | +4.415996e-19 |
| 00000000420 | +1.202997e+15 | +1.828795e+00 | -1.253020e+05 | +9.085270e-03 | +9.085270e-03 | +9.085270e-03 | -4.668216e-20 | -3.414478e-19 | +4.028262e-19 |
| 00000000430 | +1.225355e+15 | +1.852094e+00 | -1.253020e+05 | +9.085268e-03 | +9.085268e-03 | +9.085268e-03 | +1.461330e-19 | -9.685961e-20 | +5.253081e-19 |
| 00000000440 | +1.275584e+15 | +1.896291e+00 | -1.253020e+05 | +9.085267e-03 | +9.085267e-03 | +9.085267e-03 | -3.105256e-20 | -2.826865e-19 | +3.855434e-19 |
| 00000000450 | +1.346102e+15 | +1.949264e+00 | -1.253020e+05 | +9.085252e-03 | +9.085252e-03 | +9.085252e-03 | -5.435607e-19 | -2.040407e-19 | +1.240528e-18 |
| 00000000460 | +1.364428e+15 | +1.969258e+00 | -1.253020e+05 | +9.085249e-03 | +9.085249e-03 | +9.085249e-03 | -5.010301e-19 | -3.592847e-19 | +1.388934e-18 |
| 00000000470 | +1.395409e+15 | +1.998218e+00 | -1.253020e+05 | +9.085247e-03 | +9.085247e-03 | +9.085247e-03 | -5.899986e-19 | -3.169796e-19 | +1.314393e-18 |
| 00000000480 | +1.429545e+15 | +2.026233e+00 | -1.253020e+05 | +9.085246e-03 | +9.085246e-03 | +9.085246e-03 | -5.008798e-19 | -3.280255e-19 | +1.357374e-18 |
| 00000000490 | +1.490522e+15 | +2.071496e+00 | -1.253020e+05 | +9.085246e-03 | +9.085246e-03 | +9.085246e-03 | -5.012555e-19 | -4.719606e-19 | +1.117896e-18 |
| 00000000500 | +1.602474e+15 | +2.148528e+00 | -1.253020e+05 | +9.085236e-03 | +9.085236e-03 | +9.085236e-03 | +1.551238e-18 | +6.036945e-19 | +5.870011e-19 |
| 00000000510 | +1.625635e+15 | +2.169857e+00 | -1.253020e+05 | +9.085234e-03 | +9.085234e-03 | +9.085234e-03 | +1.382919e-18 | +5.956542e-19 | +5.660364e-19 |
| 00000000520 | +1.659760e+15 | +2.197930e+00 | -1.253020e+05 | +9.085233e-03 | +9.085233e-03 | +9.085233e-03 | +1.485113e-18 | +5.382455e-19 | +5.416903e-19 |
| 00000000530 | +1.705141e+15 | +2.232346e+00 | -1.253020e+05 | +9.085233e-03 | +9.085233e-03 | +9.085233e-03 | +1.516672e-18 | +6.333381e-19 | +7.111362e-19 |
| 00000000540 | +1.791723e+15 | +2.294604e+00 | -1.253020e+05 | +9.085233e-03 | +9.085233e-03 | +9.085233e-03 | +1.493829e-18 | +5.607131e-19 | +6.273150e-19 |
| 00000000550 | +2.073592e+15 | +2.493339e+00 | -1.253020e+05 | +9.085225e-03 | +9.085225e-03 | +9.085225e-03 | -8.624458e-19 | +8.903072e-19 | +8.806350e-19 |
| 00000000560 | +2.100983e+15 | +2.518222e+00 | -1.253020e+05 | +9.085223e-03 | +9.085223e-03 | +9.085223e-03 | -6.793240e-19 | +6.518055e-19 | +4.900077e-19 |
| 00000000570 | +2.135487e+15 | +2.547262e+00 | -1.253020e+05 | +9.085223e-03 | +9.085223e-03 | +9.085223e-03 | -8.150310e-19 | +7.611751e-19 | +6.526908e-19 |
| 00000000580 | +2.192557e+15 | +2.593006e+00 | -1.253020e+05 | +9.085223e-03 | +9.085223e-03 | +9.085223e-03 | -9.498363e-19 | +6.989197e-19 | +7.124665e-19 |
| 00000000590 | +2.319944e+15 | +2.692957e+00 | -1.253020e+05 | +9.085223e-03 | +9.085223e-03 | +9.085223e-03 | -9.752344e-19 | +8.931250e-19 | +7.184403e-19 |
| 00000000600 | +2.773003e+15 | +3.061310e+00 | -1.253020e+05 | +9.085216e-03 | +9.085216e-03 | +9.085216e-03 | +2.474060e-20 | -3.543183e-19 | +1.005165e-18 |
| 00000000610 | +2.803466e+15 | +3.092544e+00 | -1.253020e+05 | +9.085215e-03 | +9.085215e-03 | +9.085215e-03 | +2.134981e-19 | -2.189118e-19 | +6.165661e-19 |
| 00000000620 | +2.848874e+15 | +3.136503e+00 | -1.253020e+05 | +9.085214e-03 | +9.085214e-03 | +9.085214e-03 | +2.345379e-19 | +4.156896e-20 | +1.097965e-18 |
| 00000000630 | +2.922741e+15 | +3.205906e+00 | -1.253020e+05 | +9.085214e-03 | +9.085214e-03 | +9.085214e-03 | +1.103277e-19 | -2.552432e-19 | +5.736974e-19 |
| 00000000640 | +3.110003e+15 | +3.382363e+00 | -1.253020e+05 | +9.085215e-03 | +9.085215e-03 | +9.085215e-03 | -8.729657e-20 | -2.546796e-19 | +6.684519e-19 |
| 00000000650 | +3.559445e+15 | +3.832240e+00 | -1.253020e+05 | +9.085207e-03 | +9.085207e-03 | +9.085207e-03 | +5.155326e-19 | -1.491117e-19 | +5.677753e-19 |
| 00000000660 | +3.592428e+15 | +3.872076e+00 | -1.253020e+05 | +9.085206e-03 | +9.085206e-03 | +9.085206e-03 | +7.371272e-19 | -1.197686e-19 | +4.489001e-19 |
| 00000000670 | +3.655102e+15 | +3.944546e+00 | -1.253020e+05 | +9.085206e-03 | +9.085206e-03 | +9.085206e-03 | +5.597163e-19 | +3.250727e-20 | +3.997195e-19 |
| 00000000680 | +3.752254e+15 | +4.055238e+00 | -1.253020e+05 | +9.085206e-03 | +9.085206e-03 | +9.085206e-03 | +6.558984e-19 | -2.405974e-19 | +7.720121e-19 |
| 00000000690 | +4.032702e+15 | +4.382608e+00 | -1.253020e+05 | +9.085208e-03 | +9.085208e-03 | +9.085208e-03 | +8.960156e-19 | -3.352004e-19 | +6.703398e-19 |
| 00000000700 | +4.638253e+15 | +5.156149e+00 | -1.253020e+05 | +9.085198e-03 | +9.085198e-03 | +9.085198e-03 | +1.140679e-18 | +9.679268e-20 | -2.130519e-19 |
| 00000000710 | +4.671655e+15 | +5.207498e+00 | -1.253020e+05 | +9.085197e-03 | +9.085197e-03 | +9.085197e-03 | +1.164199e-18 | -9.912914e-21 | -5.879803e-19 |
| 00000000720 | +4.733515e+15 | +5.299692e+00 | -1.253020e+05 | +9.085196e-03 | +9.085196e-03 | +9.085196e-03 | +8.080052e-19 | +2.241002e-19 | -3.256538e-19 |
| 00000000730 | +4.820178e+15 | +5.427611e+00 | -1.253020e+05 | +9.085197e-03 | +9.085197e-03 | +9.085197e-03 | +9.701435e-19 | -4.527101e-19 | -8.414799e-19 |
| 00000000740 | +5.039514e+15 | +5.757398e+00 | -1.253020e+05 | +9.085198e-03 | +9.085198e-03 | +9.085198e-03 | +9.589473e-19 | -3.646867e-20 | -2.902336e-19 |
| 00000000750 | +5.758566e+15 | +6.947384e+00 | -1.253020e+05 | +9.085187e-03 | +9.085187e-03 | +9.085187e-03 | -9.017077e-22 | -1.885039e-19 | -6.108694e-19 |
| 00000000760 | +5.793817e+15 | +7.016437e+00 | -1.253020e+05 | +9.085186e-03 | +9.085186e-03 | +9.085186e-03 | -9.437874e-20 | +2.669618e-19 | -6.596532e-19 |
| 00000000770 | +5.857866e+15 | +7.139639e+00 | -1.253020e+05 | +9.085186e-03 | +9.085186e-03 | +9.085186e-03 | +3.013958e-19 | -5.013166e-19 | -4.486007e-19 |
| 00000000780 | +5.990566e+15 | +7.394925e+00 | -1.253020e+05 | +9.085186e-03 | +9.085186e-03 | +9.085186e-03 | -4.526197e-19 | -3.072604e-19 | -5.026445e-19 |
| 00000000790 | +6.261574e+15 | +7.934512e+00 | -1.253020e+05 | +9.085188e-03 | +9.085188e-03 | +9.085188e-03 | -2.678448e-19 | -6.264884e-19 | +1.457643e-20 |
| 00000000800 | +7.359897e+15 | +1.045378e+01 | -1.253020e+05 | +9.085175e-03 | +9.085175e-03 | +9.085175e-03 | +4.483178e-19 | -8.218220e-19 | +1.323027e-18 |
| 00000000810 | +7.397786e+15 | +1.055901e+01 | -1.253020e+05 | +9.085175e-03 | +9.085175e-03 | +9.085175e-03 | +4.719500e-19 | -6.982775e-19 | +9.054531e-19 |
| 00000000820 | +7.463967e+15 | +1.074186e+01 | -1.253020e+05 | +9.085175e-03 | +9.085175e-03 | +9.085175e-03 | +1.463021e-19 | -2.515424e-19 | +8.269880e-19 |
| 00000000830 | +7.592409e+15 | +1.109967e+01 | -1.253020e+05 | +9.085175e-03 | +9.085175e-03 | +9.085175e-03 | +1.174474e-19 | -7.845221e-19 | +1.077292e-18 |
| 00000000840 | +7.794219e+15 | +1.167879e+01 | -1.253020e+05 | +9.085177e-03 | +9.085177e-03 | +9.085177e-03 | +1.970043e-19 | -1.104074e-18 | +9.951659e-19 |
| 00000000850 | +8.251412e+15 | +1.308807e+01 | -1.253020e+05 | +9.085167e-03 | +9.085167e-03 | +9.085167e-03 | +3.284470e-19 | -6.034643e-19 | -4.395825e-21 |
| 00000000860 | +8.302293e+15 | +1.325854e+01 | -1.253020e+05 | +9.085167e-03 | +9.085167e-03 | +9.085167e-03 | +1.960838e-19 | -6.179058e-19 | -1.323444e-19 |
| 00000000870 | +8.394207e+15 | +1.356884e+01 | -1.253020e+05 | +9.085168e-03 | +9.085168e-03 | +9.085168e-03 | +5.189703e-19 | -2.269979e-19 | -8.756075e-20 |
| 00000000880 | +8.521017e+15 | +1.400493e+01 | -1.253020e+05 | +9.085169e-03 | +9.085169e-03 | +9.085169e-03 | +7.399639e-20 | -6.519264e-19 | -4.050605e-19 |
| 00000000890 | +8.786489e+15 | +1.495336e+01 | -1.253020e+05 | +9.085171e-03 | +9.085171e-03 | +9.085171e-03 | +2.258590e-19 | -5.752237e-19 | -5.974283e-20 |
| 00000000900 | +9.340609e+15 | +1.709688e+01 | -1.253020e+05 | +9.085162e-03 | +9.085162e-03 | +9.085162e-03 | +9.011441e-19 | +2.817930e-19 | +6.608555e-19 |
| 00000000910 | +9.414625e+15 | +1.740365e+01 | -1.253020e+05 | +9.085163e-03 | +9.085163e-03 | +9.085163e-03 | +5.370796e-19 | -2.223343e-19 | +5.543753e-19 |
| 00000000920 | +9.551897e+15 | +1.798151e+01 | -1.253020e+05 | +9.085164e-03 | +9.085164e-03 | +9.085164e-03 | +1.034503e-18 | +5.092770e-20 | +6.123781e-19 |
| 00000000930 | +9.739812e+15 | +1.879299e+01 | -1.253020e+05 | +9.085164e-03 | +9.085164e-03 | +9.085164e-03 | +5.994290e-19 | -1.804143e-19 | +4.493275e-19 |
| 00000000940 | +1.005623e+16 | +2.021114e+01 | -1.253020e+05 | +9.085165e-03 | +9.085165e-03 | +9.085165e-03 | +7.410722e-19 | +6.581762e-20 | +3.400119e-19 |
| 00000000950 | +1.070191e+16 | +2.328385e+01 | -1.253020e+05 | +9.085161e-03 | +9.085161e-03 | +9.085161e-03 | -2.633926e-19 | -5.241176e-20 | -1.045984e-18 |
| 00000000960 | +1.084585e+16 | +2.399773e+01 | -1.253020e+05 | +9.085162e-03 | +9.085162e-03 | +9.085162e-03 | -5.674559e-19 | -5.595331e-19 | -8.638606e-19 |
| 00000000970 | +1.132567e+16 | +2.643685e+01 | -1.253020e+05 | +9.085162e-03 | +9.085162e-03 | +9.085162e-03 | -5.538552e-19 | -5.786369e-19 | -8.876232e-19 |
| 00000000980 | +1.260519e+16 | +3.325858e+01 | -1.253021e+05 | +9.085161e-03 | +9.085161e-03 | +9.085161e-03 | -3.805958e-19 | -8.252199e-19 | -7.120086e-19 |
| 00000000990 | +1.644374e+16 | +5.473794e+01 | -1.253021e+05 | +9.085152e-03 | +9.085152e-03 | +9.085152e-03 | -2.097785e-19 | -4.926670e-19 | -1.090142e-18 |
| 00000001000 | +2.421338e+16 | +9.863250e+01 | -1.253021e+05 | +9.085137e-03 | +9.085137e-03 | +9.085137e-03 | +8.724304e-19 | +1.755606e-19 | +3.903772e-19 |
| 00000001010 | +2.617524e+16 | +1.098882e+02 | -1.253021e+05 | +9.085133e-03 | +9.085133e-03 | +9.085133e-03 | +1.030699e-18 | +2.570994e-19 | +2.200965e-19 |
| 00000001020 | +3.315071e+16 | +1.489441e+02 | -1.253021e+05 | +9.085119e-03 | +9.085119e-03 | +9.085119e-03 | +9.223436e-19 | +7.783451e-20 | +5.616535e-19 |
| 00000001030 | +5.233326e+16 | +2.399443e+02 | -1.253021e+05 | +9.085092e-03 | +9.085092e-03 | +9.085092e-03 | +1.336622e-18 | +6.330270e-19 | +4.075789e-19 |
| 00000001040 | +6.541227e+16 | +2.869096e+02 | -1.253021e+05 | +9.085087e-03 | +9.085087e-03 | +9.085087e-03 | +2.210217e-19 | +4.130608e-19 | +1.341384e-19 |
| 00000001050 | +8.110708e+16 | +3.287750e+02 | -1.253021e+05 | +9.085088e-03 | +9.085088e-03 | +9.085088e-03 | +1.148184e-18 | -1.642485e-19 | +1.106942e-18 |
| 00000001060 | +1.296643e+17 | +3.943331e+02 | -1.253021e+05 | +9.085086e-03 | +9.085086e-03 | +9.085086e-03 | +5.606109e-19 | +2.074826e-19 | +6.371407e-19 |
| 00000001070 | +1.863143e+17 | +4.189638e+02 | -1.253021e+05 | +9.085081e-03 | +9.085081e-03 | +9.085081e-03 | +6.874852e-19 | -4.094316e-20 | +8.411022e-19 |
| 00000001080 | +2.888239e+17 | +4.280077e+02 | -1.253021e+05 | +9.085081e-03 | +9.085081e-03 | +9.085081e-03 | +6.436432e-19 | +1.045831e-19 | +3.570029e-19 |
| 00000001090 | +7.204432e+17 | +4.283440e+02 | -1.253021e+05 | +9.085081e-03 | +9.085081e-03 | +9.085081e-03 | +1.135622e-18 | -3.591920e-20 | +9.154869e-19 |
| 00000001100 | +2.964864e+18 | +4.287058e+02 | -1.253021e+05 | +9.085081e-03 | +9.085081e-03 | +9.085081e-03 | +6.596393e-20 | +1.448249e-18 | -4.445427e-19 |
| 00000001110 | +3.252472e+18 | +4.288218e+02 | -1.253021e+05 | +9.085081e-03 | +9.085081e-03 | +9.085081e-03 | -1.231926e-19 | +1.510212e-18 | -1.520129e-19 |
| 00000001120 | +4.748039e+18 | +4.289165e+02 | -1.253021e+05 | +9.085081e-03 | +9.085081e-03 | +9.085081e-03 | -5.074672e-19 | +1.663137e-18 | -1.333629e-19 |
| 00000001130 | +1.395152e+19 | +4.289948e+02 | -1.253021e+05 | +9.085081e-03 | +9.085081e-03 | +9.085081e-03 | +1.987739e-19 | +1.848685e-18 | -5.471500e-19 |
| 00000001140 | +6.180964e+19 | +4.290558e+02 | -1.253021e+05 | +9.085081e-03 | +9.085081e-03 | +9.085081e-03 | -1.156754e-19 | +1.486247e-18 | -3.815395e-19 |
| 00000001150 | +3.563211e+20 | +4.291025e+02 | -1.253021e+05 | +9.085081e-03 | +9.085081e-03 | +9.085081e-03 | +4.417609e-20 | +2.097233e-18 | -6.407335e-20 |
| 00000001160 | +1.887781e+21 | +4.291381e+02 | -1.253021e+05 | +9.085081e-03 | +9.085081e-03 | +9.085081e-03 | +4.341500e-19 | +1.617267e-18 | -3.711932e-19 |
| 00000001170 | +1.131215e+22 | +4.291652e+02 | -1.253021e+05 | +9.085081e-03 | +9.085081e-03 | +9.085081e-03 | +3.837293e-19 | +1.727094e-18 | -9.512323e-20 |
| 00000001180 | +6.031886e+22 | +4.291859e+02 | -1.253021e+05 | +9.085081e-03 | +9.085081e-03 | +9.085081e-03 | -2.501678e-19 | +1.959278e-18 | -2.341493e-19 |
| 00000001190 | +3.618986e+23 | +4.292017e+02 | -1.253021e+05 | +9.085081e-03 | +9.085081e-03 | +9.085081e-03 | +1.670502e-19 | +1.777095e-18 | -2.453732e-19 |
| 00000001200 | +1.930113e+24 | +4.292138e+02 | -1.253021e+05 | +9.085081e-03 | +9.085081e-03 | +9.085081e-03 | -6.894476e-20 | +1.640720e-18 | -3.920770e-19 |
| 00000001210 | +1.158067e+25 | +4.292230e+02 | -1.253021e+05 | +9.085081e-03 | +9.085081e-03 | +9.085081e-03 | -4.382142e-19 | +1.283867e-18 | -5.499572e-19 |
| 00000001220 | +6.176354e+25 | +4.292300e+02 | -1.253021e+05 | +9.085081e-03 | +9.085081e-03 | +9.085081e-03 | -1.407244e-19 | +1.693431e-18 | -3.643939e-19 |
| 00000001230 | +3.705812e+26 | +4.292353e+02 | -1.253021e+05 | +9.085081e-03 | +9.085081e-03 | +9.085081e-03 | -8.836044e-20 | +1.302134e-18 | -4.899747e-19 |
| 00000001240 | +1.976433e+27 | +4.292394e+02 | -1.253021e+05 | +9.085081e-03 | +9.085081e-03 | +9.085081e-03 | -1.882688e-19 | +1.452627e-18 | -4.169469e-19 |
| 00000001250 | +1.185860e+28 | +4.292425e+02 | -1.253021e+05 | +9.085081e-03 | +9.085081e-03 | +9.085081e-03 | -5.942895e-20 | +1.522031e-18 | -1.847722e-19 |
| 00000001260 | +6.324586e+28 | +4.292449e+02 | -1.253021e+05 | +9.085081e-03 | +9.085081e-03 | +9.085081e-03 | +5.111987e-19 | +1.820982e-18 | -2.581616e-19 |
| 00000001270 | +3.794751e+29 | +4.292467e+02 | -1.253021e+05 | +9.085081e-03 | +9.085081e-03 | +9.085081e-03 | +1.115199e-19 | +1.630469e-18 | -4.592853e-19 |
| 00000001276 | +1.000000e+30 | +4.292467e+02 | -1.253021e+05 | +9.085081e-03 | +9.085081e-03 | +9.085081e-03 | +7.800667e-20 | +1.664322e-18 | -4.744027e-19 |
 ------------------------------------------------------------------------------------------------------------------------------------------------------------- 
nonlin: accepted = 1370 rejected = 5
intrtp: accepetd = 1375 rejected = 73
integr: accepetd = 1276 rejected = 94
maximum order: 5
maximum timestep: 1.264917e+29
minimum timestep: 3.635510e+11
